
Starting with MACM! 

MACM: 54 experiments; 832 unique subjects (average of 15.4 per experiment) 


Cluster 1: 1077 voxel [Center: -40/32/28] 
study-10030060  	0.785	0.073	1.19	13.19	(19)
study-10030093  	1.294	0.120	3.10	37.86	(17)
study-10080162  	0.846	0.079	1.29	11.39	(14)
study-11010029  	0.965	0.090	2.01	34.60	(12)
study-11030036  	1.321	0.123	2.29	10.84	(21)
study-11030043  	1.006	0.093	1.53	30.76	(12)
study-13040034  	0.841	0.078	1.36	11.29	(10)
study-14010028  	0.903	0.084	1.35	9.85	(23)
study-14090173  	0.939	0.087	1.17	5.21	(18)
study-14090207  	1.286	0.119	2.64	36.20	(18)
study-17010012  	0.815	0.076	1.56	15.73	(16)
study-17090198  	0.940	0.087	1.34	6.05	(12)
study-18060056  	0.868	0.081	1.54	12.01	(18)
study-19060068  	0.953	0.088	1.19	6.81	(36)
study-22010021  	1.158	0.108	2.53	46.62	(22)
study-22100206  	0.930	0.086	1.30	7.19	(19)
study-23020012  	1.518	0.141	3.58	30.57	(25)
study-30143     	0.884	0.082	1.28	7.62	(8)
study-30145     	1.175	0.109	2.66	36.41	(18)
study-30156     	1.074	0.100	1.91	28.68	(9)
study-30242     	1.343	0.125	3.00	32.65	(20)
study-30249     	0.862	0.080	1.54	10.65	(10)
study-30257     	1.405	0.130	2.37	13.06	(11)
study-30310     	0.909	0.084	1.25	7.58	(12)
study-30344     	1.158	0.108	2.97	27.37	(8)
study-30385     	1.637	0.152	2.94	13.65	(10)
study-30405     	0.854	0.079	1.27	9.71	(12)
study-30420     	0.884	0.082	1.36	11.87	(22)
study-30425     	0.724	0.067	1.17	11.90	(8)
study-30455     	1.240	0.115	2.63	44.36	(24)
study-5070086   	1.160	0.108	2.96	28.09	(12)
study-5070087   	0.851	0.079	1.29	10.61	(10)
study-5070126   	0.873	0.081	1.30	11.96	(24)
study-5070134   	0.868	0.081	1.30	11.88	(21)
study-5090243   	0.952	0.088	1.14	3.99	(14)
study-6030029   	2.000	0.186	4.96	31.55	(11)
study-6050044   	0.897	0.083	1.25	6.97	(14)
study-6060085   	0.911	0.085	1.33	6.99	(12)
study-7010015   	0.925	0.086	1.35	5.81	(10)
study-7030081   	1.471	0.137	2.99	29.09	(11)
study-7060146   	0.918	0.085	1.28	5.01	(10)
study-7080203   	0.642	0.060	1.29	25.76	(14)
study-7080233   	0.969	0.090	1.12	4.47	(22)
study-7110307   	1.206	0.112	2.49	38.39	(21)
study-7120384   	0.842	0.078	1.33	12.12	(12)
study-8020063   	1.643	0.153	2.94	22.83	(17)
study-8040105   	0.925	0.086	1.13	7.03	(21)
study-8050119   	0.882	0.082	1.24	11.14	(21)
study-8060147   	0.924	0.086	1.38	9.87	(18)
study-8080228   	0.692	0.064	1.24	19.43	(8)
study-8100239   	0.940	0.087	1.21	4.40	(10)
study-8110272   	0.838	0.078	1.30	11.26	(12)
study-8110301   	1.430	0.133	2.65	24.41	(12)
study-9020036   	1.098	0.102	2.21	30.47	(11)


all	56.376	5.235	100.00	 


Cluster 2: 736 voxel [Center: 2/22/48] 
study-10030060  	0.277	0.038	1.83	44.30	(19)
study-10030093  	1.521	0.207	8.19	37.90	(17)
study-10080162  	0.636	0.086	3.08	25.08	(14)
study-11010029  	1.348	0.183	7.04	29.21	(12)
study-11030036  	0.112	0.015	0.78	40.63	(21)
study-13040034  	0.612	0.083	3.45	23.94	(10)
study-14010028  	0.845	0.115	4.55	40.34	(23)
study-14090173  	0.715	0.097	3.45	21.28	(18)
study-14090207  	0.401	0.054	2.37	44.06	(18)
study-17010012  	0.451	0.061	2.34	35.15	(16)
study-17090198  	0.407	0.055	2.51	35.46	(12)
study-18060056  	0.859	0.117	5.02	36.16	(18)
study-19060068  	0.491	0.067	2.80	45.45	(36)
study-22010021  	0.758	0.103	3.83	28.15	(22)
study-22100206  	0.720	0.098	4.00	26.19	(19)
study-23020012  	1.052	0.143	5.42	35.43	(25)
study-30145     	1.141	0.155	6.48	41.79	(18)
study-30156     	0.024	0.003	0.14	7.50	(9)
study-30242     	0.006	0.001	0.04	7.17	(20)
study-30420     	0.028	0.004	0.17	16.23	(22)
study-5090243   	0.356	0.048	1.92	32.82	(14)
study-6030029   	0.803	0.109	4.10	21.58	(11)
study-6050044   	0.381	0.052	2.13	34.42	(14)
study-6060085   	0.154	0.021	1.03	32.71	(12)
study-7030081   	0.754	0.102	4.39	31.58	(11)
study-7060146   	0.604	0.082	3.42	33.79	(10)
study-7080233   	0.308	0.042	1.77	36.75	(22)
study-8020063   	0.092	0.012	0.55	23.06	(17)
study-8040105   	0.654	0.089	3.49	29.66	(21)
study-8050119   	0.022	0.003	0.14	9.50	(21)
study-8060147   	0.548	0.074	2.95	30.31	(18)
study-8110272   	0.570	0.077	3.07	22.89	(12)
study-8110301   	0.625	0.085	3.19	27.45	(12)
study-9020036   	0.057	0.008	0.35	14.78	(11)


all	18.334	2.491	100.00	 


Cluster 3: 580 voxel [Center: 42/-46/48] 
study-10030060  	0.373	0.064	2.94	39.26	(19)
study-10030093  	1.118	0.193	7.81	36.68	(17)
study-10080162  	0.480	0.083	3.81	36.86	(14)
study-11030036  	0.125	0.022	0.99	21.07	(21)
study-14090173  	0.038	0.007	0.33	20.62	(18)
study-14090207  	0.719	0.124	5.96	40.70	(18)
study-17090198  	0.631	0.109	4.95	34.13	(12)
study-19060068  	1.146	0.198	7.86	47.18	(36)
study-22010021  	0.019	0.003	0.17	8.47	(22)
study-22100206  	1.216	0.210	9.33	41.47	(19)
study-23020012  	0.818	0.141	6.78	47.24	(25)
study-30143     	0.827	0.143	5.78	29.52	(8)
study-30145     	0.308	0.053	2.53	41.06	(18)
study-30156     	0.386	0.067	3.21	29.35	(9)
study-30249     	0.456	0.079	3.58	32.51	(10)
study-30257     	0.045	0.008	0.37	10.23	(11)
study-30420     	0.475	0.082	3.43	37.87	(22)
study-30425     	0.287	0.049	2.42	32.82	(8)
study-5070086   	0.589	0.102	4.03	26.60	(12)
study-5070087   	0.094	0.016	0.80	23.06	(10)
study-5070134   	0.197	0.034	1.55	40.25	(21)
study-5090243   	0.162	0.028	1.33	36.18	(14)
study-6030029   	0.501	0.086	3.81	25.80	(11)
study-7080233   	0.488	0.084	3.54	37.88	(22)
study-8020063   	0.044	0.008	0.37	23.43	(17)
study-8050119   	0.594	0.102	3.98	30.51	(21)
study-8080228   	0.344	0.059	2.43	30.00	(8)
study-8110272   	0.032	0.006	0.26	10.28	(12)
study-8110301   	0.217	0.037	1.81	32.66	(12)
study-9020036   	0.476	0.082	3.82	32.18	(11)


all	13.206	2.277	100.00	 


Cluster 4: 556 voxel [Center: -38/-50/50] 
study-10030060  	0.663	0.119	4.37	26.91	(19)
study-10030093  	0.623	0.112	4.38	34.24	(17)
study-10080162  	0.626	0.113	4.41	30.86	(14)
study-11030036  	0.011	0.002	0.11	16.08	(21)
study-13040034  	0.461	0.083	3.44	25.69	(10)
study-14090207  	0.953	0.171	6.42	37.64	(18)
study-17090198  	0.123	0.022	1.05	27.43	(12)
study-19060068  	0.858	0.154	6.75	48.87	(36)
study-22010021  	0.500	0.090	3.84	32.54	(22)
study-22100206  	1.099	0.198	8.26	37.34	(19)
study-23020012  	0.790	0.142	6.11	42.28	(25)
study-30145     	0.281	0.051	2.01	41.32	(18)
study-30156     	0.349	0.063	2.52	33.68	(9)
study-30249     	0.589	0.106	4.43	29.14	(10)
study-30420     	0.386	0.069	3.26	46.81	(22)
study-5070086   	0.802	0.144	5.23	19.17	(12)
study-5070126   	0.017	0.003	0.14	7.31	(24)
study-5090243   	0.624	0.112	4.15	24.37	(14)
study-6060085   	0.546	0.098	3.78	31.16	(12)
study-7030081   	0.270	0.049	2.16	32.45	(11)
study-7080233   	0.072	0.013	0.57	21.35	(22)
study-7110307   	1.113	0.200	7.50	39.34	(21)
study-8020063   	0.419	0.075	3.31	42.91	(17)
study-8050119   	0.603	0.108	3.99	27.51	(21)
study-8110272   	0.040	0.007	0.36	19.78	(12)
study-8110301   	0.851	0.153	6.07	30.10	(12)
study-9020036   	0.127	0.023	1.14	36.09	(11)


all	13.823	2.486	100.00	 


Cluster 5: 444 voxel [Center: -42/6/44] 
study-10030060  	0.425	0.096	4.06	34.55	(19)
study-10080162  	0.228	0.051	2.40	35.90	(14)
study-11010029  	0.014	0.003	0.14	5.10	(12)
study-11030036  	0.653	0.147	5.74	25.00	(21)
study-11030043  	0.142	0.032	1.43	31.09	(12)
study-14010028  	0.635	0.143	5.52	25.69	(23)
study-14090173  	0.318	0.072	3.23	37.07	(18)
study-14090207  	0.010	0.002	0.10	4.51	(18)
study-17010012  	0.509	0.115	4.49	30.25	(16)
study-19060068  	0.323	0.073	3.28	45.69	(36)
study-22010021  	0.459	0.103	4.79	41.33	(22)
study-22100206  	0.746	0.168	7.27	40.13	(19)
study-23020012  	1.050	0.236	10.06	44.31	(25)
study-30143     	0.025	0.006	0.27	13.72	(8)
study-30145     	0.692	0.156	6.87	42.46	(18)
study-30156     	0.393	0.089	3.80	24.22	(9)
study-30344     	0.028	0.006	0.28	5.15	(8)
study-30420     	0.345	0.078	3.27	40.25	(22)
study-5070086   	0.247	0.056	2.49	38.13	(12)
study-5070087   	0.241	0.054	2.36	27.89	(10)
study-5070126   	0.030	0.007	0.32	14.13	(24)
study-5090243   	0.462	0.104	4.69	29.47	(14)
study-6030029   	0.682	0.154	6.52	32.27	(11)
study-7030081   	0.042	0.009	0.42	13.26	(11)
study-8020063   	0.068	0.015	0.73	33.58	(17)
study-8060147   	0.580	0.131	5.49	28.26	(18)
study-8110301   	0.346	0.078	3.43	39.17	(12)
study-9020036   	0.664	0.150	6.38	37.08	(11)


all	10.370	2.336	100.00	 


Cluster 6: 351 voxel [Center: -34/20/0] 
study-10030060  	0.135	0.038	1.76	38.78	(19)
study-10030093  	0.524	0.149	6.25	29.06	(17)
study-11010029  	0.779	0.222	9.40	31.26	(12)
study-13040034  	0.369	0.105	4.55	32.10	(10)
study-14090173  	0.100	0.028	1.39	38.82	(18)
study-17010012  	0.009	0.003	0.12	4.47	(16)
study-18060056  	0.427	0.122	5.29	32.87	(18)
study-19060068  	0.528	0.150	6.43	41.76	(36)
study-22010021  	0.441	0.126	5.42	30.89	(22)
study-22100206  	0.378	0.108	4.82	42.50	(19)
study-23020012  	0.377	0.108	4.67	41.50	(25)
study-30145     	0.013	0.004	0.17	4.47	(18)
study-30344     	0.133	0.038	1.82	21.25	(8)
study-30385     	0.376	0.107	4.68	25.93	(10)
study-30420     	0.262	0.075	3.32	40.62	(22)
study-30425     	0.464	0.132	5.75	27.73	(8)
study-5070134   	0.025	0.007	0.33	10.39	(21)
study-5090243   	0.116	0.033	1.55	31.71	(14)
study-6030029   	0.097	0.028	1.34	33.84	(11)
study-6060085   	0.020	0.006	0.28	8.30	(12)
study-7030081   	0.017	0.005	0.23	8.25	(11)
study-7080233   	0.356	0.101	4.24	38.67	(22)
study-8020063   	0.674	0.192	8.30	36.96	(17)
study-8050119   	0.578	0.165	6.93	28.19	(21)
study-8060147   	0.184	0.053	2.56	44.22	(18)
study-8110272   	0.074	0.021	1.06	29.96	(12)
study-8110301   	0.493	0.141	6.26	29.84	(12)
study-9020036   	0.069	0.020	0.97	26.45	(11)


all	8.027	2.287	100.00	 


Cluster 7: 285 voxel [Center: 32/24/-2] 
study-10030060  	0.195	0.068	2.78	35.30	(19)
study-10030093  	0.698	0.245	9.74	43.70	(17)
study-11010029  	0.608	0.213	8.21	31.94	(12)
study-13040034  	0.477	0.167	6.25	27.03	(10)
study-14010028  	0.408	0.143	5.66	40.45	(23)
study-14090207  	0.181	0.064	2.95	39.46	(18)
study-17010012  	0.231	0.081	3.50	36.90	(16)
study-19060068  	0.721	0.253	9.31	23.81	(36)
study-22100206  	0.687	0.241	8.95	21.04	(19)
study-5090243   	0.390	0.137	5.78	35.03	(14)
study-6030029   	0.381	0.134	5.34	31.20	(11)
study-6060085   	0.458	0.161	6.05	27.82	(12)
study-7080233   	0.462	0.162	6.23	41.51	(22)
study-8040105   	0.077	0.027	1.34	35.81	(21)
study-8050119   	0.132	0.046	2.01	26.80	(21)
study-8110272   	0.408	0.143	5.92	29.26	(12)
study-8110301   	0.575	0.202	7.52	19.11	(12)
study-9020036   	0.139	0.049	2.30	32.59	(11)


all	7.239	2.540	100.00	 


Cluster 8: 136 voxel [Center: 40/38/28] 
study-10030060  	0.471	0.346	16.21	32.80	(19)
study-11010029  	0.091	0.067	3.29	30.25	(12)
study-11030036  	0.173	0.127	6.07	38.65	(21)
study-11030043  	0.003	0.002	0.12	2.33	(12)
study-13040034  	0.032	0.024	1.15	12.83	(10)
study-14090207  	0.005	0.004	0.19	3.18	(18)
study-19060068  	0.233	0.171	8.27	46.04	(36)
study-30143     	0.343	0.252	11.91	28.93	(8)
study-30145     	0.209	0.154	7.46	41.04	(18)
study-30156     	0.075	0.055	2.67	24.21	(9)
study-30249     	0.150	0.111	5.37	29.54	(10)
study-30257     	0.023	0.017	0.85	10.45	(11)
study-30420     	0.282	0.208	9.87	44.10	(22)
study-5070086   	0.049	0.036	1.76	12.70	(12)
study-5090243   	0.049	0.036	1.76	20.58	(14)
study-6050044   	0.253	0.186	8.86	38.30	(14)
study-7080233   	0.023	0.017	0.82	7.88	(22)
study-8080228   	0.208	0.153	7.34	32.07	(8)
study-8110301   	0.167	0.123	5.99	38.24	(12)


all	2.842	2.090	100.00	 

Done with cFWE!