
Starting with MACM! 

MACM: 54 experiments; 832 unique subjects (average of 15.4 per experiment) 


Cluster 1: 3299 voxel [Center: -38/22/26] 
study-10030060  	1.937	0.059	2.32	56.40	(19)
study-10030093  	2.335	0.071	2.70	50.71	(17)
study-10080162  	1.389	0.042	1.37	46.96	(14)
study-11010029  	2.496	0.076	3.16	42.70	(12)
study-11030036  	2.585	0.078	2.73	51.92	(21)
study-11030043  	1.510	0.046	1.40	48.77	(12)
study-13040034  	1.481	0.045	1.46	38.79	(10)
study-14010028  	1.740	0.053	1.58	25.69	(23)
study-14090173  	1.860	0.056	1.97	52.31	(18)
study-14090207  	1.504	0.046	1.27	43.46	(18)
study-17010012  	1.728	0.052	1.93	59.59	(16)
study-17090198  	0.967	0.029	0.48	6.05	(12)
study-18060056  	1.572	0.048	1.61	36.11	(18)
study-19060068  	2.680	0.081	3.28	63.20	(36)
study-22010021  	3.011	0.091	3.94	57.52	(22)
study-22100206  	2.901	0.088	3.64	56.63	(19)
study-23020012  	4.062	0.123	5.22	53.24	(25)
study-30143     	1.025	0.031	0.68	32.07	(8)
study-30145     	2.678	0.081	3.39	47.80	(18)
study-30156     	1.924	0.058	2.04	42.38	(9)
study-30242     	1.643	0.050	1.57	32.65	(20)
study-30249     	1.050	0.032	0.89	45.98	(10)
study-30257     	1.539	0.047	1.04	31.67	(11)
study-30310     	0.941	0.029	0.46	7.58	(12)
study-30344     	2.417	0.073	3.40	41.12	(8)
study-30385     	2.483	0.075	2.39	45.48	(10)
study-30405     	0.892	0.027	0.48	10.72	(12)
study-30420     	2.023	0.061	2.30	48.12	(22)
study-30425     	1.454	0.044	1.51	28.95	(8)
study-30455     	1.475	0.045	1.32	51.53	(24)
study-5070086   	1.967	0.060	2.41	45.99	(12)
study-5070087   	1.375	0.042	1.30	41.37	(10)
study-5070126   	1.048	0.032	0.76	55.67	(24)
study-5070134   	1.025	0.031	0.73	49.71	(21)
study-5090243   	1.944	0.059	1.99	55.78	(14)
study-6030029   	3.978	0.121	5.01	49.88	(11)
study-6050044   	0.927	0.028	0.46	6.97	(14)
study-6060085   	1.068	0.032	0.74	48.73	(12)
study-7010015   	0.956	0.029	0.50	5.81	(10)
study-7030081   	1.821	0.055	1.64	44.72	(11)
study-7060146   	0.956	0.029	0.49	16.08	(10)
study-7080203   	0.711	0.022	0.55	27.81	(14)
study-7080233   	1.700	0.052	1.57	57.48	(22)
study-7110307   	1.413	0.043	1.22	54.23	(21)
study-7120384   	0.883	0.027	0.51	13.62	(12)
study-8020063   	3.286	0.100	3.75	60.12	(17)
study-8040105   	0.943	0.029	0.40	7.03	(21)
study-8050119   	1.716	0.052	1.64	28.19	(21)
study-8060147   	2.456	0.074	2.99	49.24	(18)
study-8080228   	0.755	0.023	0.52	23.18	(8)
study-8100239   	0.959	0.029	0.43	4.40	(10)
study-8110272   	1.173	0.036	1.05	48.72	(12)
study-8110301   	3.341	0.101	4.12	53.94	(12)
study-9020036   	2.833	0.086	3.68	49.60	(11)


all	96.534	2.926	100.00	 


Cluster 2: 1051 voxel [Center: 0/22/46] 
study-10030060  	0.550	0.052	2.84	45.77	(19)
study-10030093  	1.802	0.171	7.33	38.65	(17)
study-10080162  	0.709	0.067	2.57	25.54	(14)
study-11010029  	1.614	0.154	6.45	38.74	(12)
study-11030036  	0.461	0.044	2.51	50.71	(21)
study-13040034  	0.719	0.068	3.03	23.94	(10)
study-14010028  	0.999	0.095	4.06	40.34	(23)
study-14090173  	0.792	0.075	2.85	21.28	(18)
study-14090207  	0.791	0.075	3.87	46.30	(18)
study-17010012  	0.557	0.053	2.25	39.42	(16)
study-17090198  	0.546	0.052	2.55	40.06	(12)
study-18060056  	1.091	0.104	4.85	36.64	(18)
study-19060068  	0.683	0.065	3.06	60.30	(36)
study-22010021  	0.818	0.078	3.02	28.15	(22)
study-22100206  	0.831	0.079	3.43	26.19	(19)
study-23020012  	1.355	0.129	5.52	56.82	(25)
study-30145     	1.417	0.135	6.12	43.55	(18)
study-30156     	0.048	0.005	0.24	17.15	(9)
study-30242     	0.316	0.030	1.75	43.79	(20)
study-30420     	0.073	0.007	0.39	42.29	(22)
study-5070134   	0.029	0.003	0.16	18.96	(21)
study-5090243   	0.442	0.042	1.83	42.52	(14)
study-6030029   	0.891	0.085	3.36	27.02	(11)
study-6050044   	0.432	0.041	1.78	34.79	(14)
study-6060085   	0.340	0.032	1.78	40.24	(12)
study-7030081   	0.956	0.091	4.22	43.00	(11)
study-7060146   	0.763	0.073	3.30	33.79	(10)
study-7080233   	0.407	0.039	1.80	53.28	(22)
study-8020063   	0.160	0.015	0.78	40.19	(17)
study-8040105   	0.738	0.070	2.92	29.66	(21)
study-8050119   	0.044	0.004	0.22	24.14	(21)
study-8060147   	0.619	0.059	2.47	30.31	(18)
study-8110272   	0.650	0.062	2.60	22.89	(12)
study-8110301   	0.695	0.066	2.63	27.45	(12)
study-9020036   	0.268	0.025	1.44	43.77	(11)


all	23.610	2.246	100.00	 


Cluster 3: 702 voxel [Center: 40/-46/48] 
study-10030060  	0.431	0.061	2.90	39.26	(19)
study-10030093  	1.214	0.173	7.24	36.68	(17)
study-10080162  	0.532	0.076	3.57	36.86	(14)
study-11030036  	0.160	0.023	1.10	32.49	(21)
study-14090173  	0.062	0.009	0.47	31.17	(18)
study-14090207  	0.922	0.131	6.58	40.94	(18)
study-17090198  	0.768	0.109	5.21	41.03	(12)
study-19060068  	1.229	0.175	7.16	47.18	(36)
study-22010021  	0.031	0.004	0.23	13.03	(22)
study-22100206  	1.468	0.209	9.76	42.25	(19)
study-23020012  	0.973	0.139	6.86	47.24	(25)
study-30143     	0.899	0.128	5.37	29.52	(8)
study-30145     	0.378	0.054	2.67	42.15	(18)
study-30156     	0.484	0.069	3.45	33.18	(9)
study-30249     	0.600	0.085	4.12	37.04	(10)
study-30257     	0.056	0.008	0.39	10.23	(11)
study-30420     	0.518	0.074	3.19	37.87	(22)
study-30425     	0.392	0.056	2.86	32.82	(8)
study-5070086   	0.651	0.093	3.84	26.60	(12)
study-5070087   	0.129	0.018	0.95	31.05	(10)
study-5070134   	0.239	0.034	1.63	43.79	(21)
study-5090243   	0.196	0.028	1.38	39.19	(14)
study-6030029   	0.559	0.080	3.61	25.80	(11)
study-7080233   	0.531	0.076	3.28	38.65	(22)
study-8020063   	0.058	0.008	0.42	23.43	(17)
study-8050119   	0.634	0.090	3.61	30.51	(21)
study-8080228   	0.376	0.054	2.26	31.37	(8)
study-8110272   	0.038	0.005	0.26	10.28	(12)
study-8110301   	0.280	0.040	2.01	36.07	(12)
study-9020036   	0.533	0.076	3.63	32.18	(11)


all	15.343	2.186	100.00	 


Cluster 4: 556 voxel [Center: -38/-50/50] 
study-10030060  	0.663	0.119	4.37	26.91	(19)
study-10030093  	0.623	0.112	4.38	34.24	(17)
study-10080162  	0.626	0.113	4.41	30.86	(14)
study-11030036  	0.011	0.002	0.11	16.08	(21)
study-13040034  	0.461	0.083	3.44	25.69	(10)
study-14090207  	0.953	0.171	6.42	37.64	(18)
study-17090198  	0.123	0.022	1.05	27.43	(12)
study-19060068  	0.858	0.154	6.75	48.87	(36)
study-22010021  	0.500	0.090	3.84	32.54	(22)
study-22100206  	1.099	0.198	8.26	37.34	(19)
study-23020012  	0.790	0.142	6.11	42.28	(25)
study-30145     	0.281	0.051	2.01	41.32	(18)
study-30156     	0.349	0.063	2.52	33.68	(9)
study-30249     	0.589	0.106	4.43	29.14	(10)
study-30420     	0.386	0.069	3.26	46.81	(22)
study-5070086   	0.802	0.144	5.23	19.17	(12)
study-5070126   	0.017	0.003	0.14	7.31	(24)
study-5090243   	0.624	0.112	4.15	24.37	(14)
study-6060085   	0.546	0.098	3.78	31.16	(12)
study-7030081   	0.270	0.049	2.16	32.45	(11)
study-7080233   	0.072	0.013	0.57	21.35	(22)
study-7110307   	1.113	0.200	7.50	39.34	(21)
study-8020063   	0.419	0.075	3.31	42.91	(17)
study-8050119   	0.603	0.108	3.99	27.51	(21)
study-8110272   	0.040	0.007	0.36	19.78	(12)
study-8110301   	0.851	0.153	6.07	30.10	(12)
study-9020036   	0.127	0.023	1.14	36.09	(11)


all	13.823	2.486	100.00	 


Cluster 5: 202 voxel [Center: 32/24/-2] 
study-10030060  	0.152	0.075	2.81	32.41	(19)
study-10030093  	0.540	0.267	9.69	33.10	(17)
study-11010029  	0.494	0.245	8.69	28.97	(12)
study-13040034  	0.397	0.197	6.79	25.10	(10)
study-14010028  	0.321	0.159	5.73	34.11	(23)
study-14090207  	0.085	0.042	1.65	21.98	(18)
study-17010012  	0.148	0.073	2.79	24.75	(16)
study-19060068  	0.623	0.309	10.66	23.81	(36)
study-22100206  	0.588	0.291	10.10	21.04	(19)
study-5090243   	0.278	0.138	5.29	29.71	(14)
study-6030029   	0.298	0.148	5.41	28.60	(11)
study-6060085   	0.377	0.187	6.50	24.93	(12)
study-7080233   	0.366	0.181	6.33	31.90	(22)
study-8040105   	0.022	0.011	0.44	10.80	(21)
study-8050119   	0.086	0.043	1.65	20.53	(21)
study-8110272   	0.308	0.153	5.81	28.40	(12)
study-8110301   	0.487	0.241	8.36	19.11	(12)
study-9020036   	0.061	0.030	1.19	15.88	(11)


all	5.637	2.791	100.00	 


Cluster 6: 16 voxel [Center: 40/37/28] 
study-10030060  	0.098	0.610	25.30	32.80	(19)
study-11010029  	0.008	0.047	1.96	4.46	(12)
study-11030036  	0.022	0.135	5.58	11.00	(21)
study-13040034  	0.003	0.022	0.91	2.72	(10)
study-19060068  	0.028	0.172	7.19	30.50	(36)
study-30143     	0.059	0.370	15.31	21.49	(8)
study-30145     	0.016	0.099	4.08	20.22	(18)
study-30156     	0.005	0.028	1.17	5.77	(9)
study-30249     	0.013	0.079	3.25	8.99	(10)
study-30257     	0.001	0.005	0.22	1.04	(11)
study-30420     	0.038	0.240	9.93	23.61	(22)
study-5070086   	0.005	0.033	1.35	4.68	(12)
study-5090243   	0.004	0.025	1.06	6.65	(14)
study-6050044   	0.045	0.280	11.62	25.09	(14)
study-7080233   	0.002	0.013	0.54	1.53	(22)
study-8080228   	0.023	0.145	5.98	14.63	(8)
study-8110301   	0.017	0.107	4.44	10.12	(12)


all	0.386	2.413	100.00	 

Done with TFCE!