
Starting with MACM! 

MACM: 54 experiments; 832 unique subjects (average of 15.4 per experiment) 


Cluster 1: 597 voxel [Center: -40/30/30] 
study-10030060  	0.705	0.118	1.61	13.19	(19)
study-10030093  	0.777	0.130	1.80	14.46	(17)
study-10080162  	0.747	0.125	1.65	10.16	(14)
study-11010029  	0.703	0.118	1.65	12.35	(12)
study-11030036  	1.087	0.182	2.55	10.84	(21)
study-11030043  	0.865	0.145	1.73	6.79	(12)
study-13040034  	0.722	0.121	1.62	9.80	(10)
study-14010028  	0.797	0.134	1.73	9.66	(23)
study-14090173  	0.871	0.146	1.65	5.21	(18)
study-14090207  	0.960	0.161	2.41	21.64	(18)
study-17010012  	0.648	0.108	1.65	14.45	(16)
study-17090198  	0.834	0.140	1.72	6.05	(12)
study-18060056  	0.713	0.119	1.72	11.80	(18)
study-19060068  	0.886	0.148	1.70	6.81	(36)
study-22010021  	0.794	0.133	1.78	10.96	(22)
study-22100206  	0.838	0.140	1.74	7.11	(19)
study-23020012  	0.925	0.155	2.22	23.12	(25)
study-30143     	0.786	0.132	1.65	6.53	(8)
study-30145     	0.759	0.127	1.69	11.54	(18)
study-30156     	0.861	0.144	1.93	11.15	(9)
study-30242     	0.857	0.143	1.78	8.05	(20)
study-30249     	0.700	0.117	1.66	10.46	(10)
study-30257     	1.196	0.200	2.85	11.96	(11)
study-30310     	0.823	0.138	1.67	6.86	(12)
study-30344     	0.699	0.117	1.92	17.66	(8)
study-30385     	1.338	0.224	3.25	12.09	(10)
study-30405     	0.756	0.127	1.62	8.66	(12)
study-30420     	0.773	0.129	1.70	11.25	(22)
study-30425     	0.628	0.105	1.46	10.88	(8)
study-30455     	0.855	0.143	1.78	7.31	(24)
study-5070086   	0.657	0.110	1.63	12.29	(12)
study-5070087   	0.745	0.125	1.58	8.49	(10)
study-5070126   	0.777	0.130	1.68	10.68	(24)
study-5070134   	0.771	0.129	1.67	10.47	(21)
study-5090243   	0.892	0.149	1.65	3.99	(14)
study-6030029   	1.202	0.201	3.02	15.84	(11)
study-6050044   	0.811	0.136	1.67	6.97	(14)
study-6060085   	0.809	0.136	1.72	6.59	(12)
study-7010015   	0.816	0.137	1.71	5.81	(10)
study-7030081   	1.039	0.174	2.35	16.95	(11)
study-7060146   	0.827	0.139	1.70	5.01	(10)
study-7080203   	0.503	0.084	1.33	19.09	(14)
study-7080233   	0.914	0.153	1.67	4.47	(22)
study-7110307   	0.846	0.142	1.83	7.86	(21)
study-7120384   	0.734	0.123	1.64	10.89	(12)
study-8020063   	1.316	0.220	3.03	19.07	(17)
study-8040105   	0.866	0.145	1.66	7.03	(21)
study-8050119   	0.793	0.133	1.64	9.80	(21)
study-8060147   	0.807	0.135	1.71	9.59	(18)
study-8080228   	0.563	0.094	1.34	14.27	(8)
study-8100239   	0.863	0.145	1.68	4.39	(10)
study-8110272   	0.736	0.123	1.64	9.82	(12)
study-8110301   	1.155	0.193	2.89	16.87	(12)
study-9020036   	0.802	0.134	1.71	6.52	(11)


all	45.147	7.562	100.00	 


Cluster 2: 89 voxel [Center: 0/16/52] 
study-10030093  	0.243	0.273	7.58	23.80	(17)
study-10080162  	0.249	0.280	7.71	19.68	(14)
study-11010029  	0.324	0.364	10.38	20.56	(12)
study-13040034  	0.005	0.005	0.16	1.23	(10)
study-14010028  	0.226	0.254	6.97	23.86	(23)
study-14090173  	0.283	0.318	8.81	21.20	(18)
study-14090207  	0.033	0.037	1.12	11.81	(18)
study-17010012  	0.128	0.144	4.04	19.17	(16)
study-18060056  	0.095	0.107	3.01	18.44	(18)
study-19060068  	0.032	0.036	1.08	9.06	(36)
study-22010021  	0.183	0.206	5.97	23.11	(22)
study-22100206  	0.008	0.009	0.28	2.44	(19)
study-23020012  	0.274	0.308	8.85	23.71	(25)
study-30145     	0.148	0.166	4.80	21.41	(18)
study-5090243   	0.061	0.069	2.00	11.15	(14)
study-6030029   	0.200	0.225	6.63	21.08	(11)
study-6050044   	0.053	0.059	1.78	12.81	(14)
study-7030081   	0.003	0.004	0.11	1.06	(11)
study-7060146   	0.115	0.129	3.61	17.26	(10)
study-7080233   	0.014	0.015	0.46	3.10	(22)
study-8020063   	0.008	0.009	0.26	2.42	(17)
study-8040105   	0.090	0.101	3.06	22.67	(21)
study-8060147   	0.091	0.102	3.09	24.99	(18)
study-8110272   	0.086	0.097	2.94	21.26	(12)
study-8110301   	0.158	0.178	5.06	19.48	(12)


all	3.117	3.503	100.00	 


Cluster 3: 71 voxel [Center: -36/-50/52] 
study-10030060  	0.231	0.325	8.96	23.57	(19)
study-10030093  	0.126	0.177	5.12	21.63	(17)
study-10080162  	0.098	0.138	3.95	18.12	(14)
study-13040034  	0.051	0.071	2.10	15.71	(10)
study-14090207  	0.302	0.426	11.65	20.82	(18)
study-19060068  	0.010	0.015	0.43	2.33	(36)
study-22100206  	0.116	0.164	4.60	18.87	(19)
study-23020012  	0.044	0.062	1.83	13.37	(25)
study-30145     	0.058	0.082	2.24	16.03	(18)
study-30156     	0.080	0.113	3.15	11.86	(9)
study-30249     	0.041	0.058	1.62	7.80	(10)
study-30420     	0.003	0.005	0.13	1.65	(22)
study-5070086   	0.269	0.379	10.50	19.17	(12)
study-5090243   	0.204	0.288	7.81	20.10	(14)
study-6060085   	0.144	0.202	5.64	19.73	(12)
study-7030081   	0.013	0.018	0.52	2.80	(11)
study-7080233   	0.007	0.011	0.29	2.63	(22)
study-7110307   	0.338	0.477	13.07	20.34	(21)
study-8020063   	0.035	0.049	1.36	11.62	(17)
study-8050119   	0.205	0.289	7.83	23.37	(21)
study-8110301   	0.175	0.247	7.06	21.72	(12)


all	2.556	3.600	100.00	 


Cluster 4: 48 voxel [Center: 32/24/-3] 
study-10030060  	0.032	0.066	1.86	11.49	(19)
study-10030093  	0.154	0.320	8.97	22.15	(17)
study-11010029  	0.165	0.345	9.64	22.00	(12)
study-13040034  	0.154	0.321	8.96	19.90	(10)
study-14010028  	0.094	0.195	5.49	23.15	(23)
study-14090207  	0.014	0.029	0.82	2.87	(18)
study-17010012  	0.021	0.043	1.24	8.98	(16)
study-19060068  	0.236	0.491	13.75	23.81	(36)
study-22100206  	0.216	0.449	12.59	21.04	(19)
study-5090243   	0.039	0.082	2.37	16.23	(14)
study-6030029   	0.067	0.139	3.95	16.06	(11)
study-6060085   	0.138	0.288	8.04	21.03	(12)
study-7080233   	0.123	0.256	7.18	22.43	(22)
study-8040105   	0.002	0.004	0.12	0.80	(21)
study-8050119   	0.014	0.029	0.81	4.03	(21)
study-8110272   	0.051	0.107	3.09	17.63	(12)
study-8110301   	0.182	0.379	10.57	19.11	(12)
study-9020036   	0.009	0.018	0.51	2.63	(11)


all	1.710	3.563	100.00	 


Cluster 5: 36 voxel [Center: 46/-44/48] 
study-10030060  	0.004	0.010	0.29	2.51	(19)
study-10030093  	0.207	0.576	16.22	19.36	(17)
study-10080162  	0.014	0.039	1.11	6.93	(14)
study-11030036  	0.003	0.009	0.27	0.90	(21)
study-14090207  	0.003	0.009	0.27	1.54	(18)
study-17090198  	0.023	0.064	1.85	7.62	(12)
study-19060068  	0.238	0.662	18.71	23.97	(36)
study-22100206  	0.109	0.302	8.46	20.32	(19)
study-30143     	0.140	0.389	10.96	16.55	(8)
study-30145     	0.005	0.014	0.41	2.23	(18)
study-30249     	0.039	0.109	3.09	10.92	(10)
study-30420     	0.064	0.179	5.10	17.57	(22)
study-5070086   	0.132	0.367	10.38	21.39	(12)
study-6030029   	0.016	0.044	1.26	6.05	(11)
study-7080233   	0.049	0.137	3.95	13.87	(22)
study-8050119   	0.147	0.408	11.53	25.51	(21)
study-8080228   	0.058	0.162	4.57	13.08	(8)
study-8110301   	0.007	0.019	0.55	2.51	(12)
study-9020036   	0.009	0.025	0.71	4.83	(11)


all	1.274	3.538	100.00	 


Cluster 6: 26 voxel [Center: -46/6/34] 
study-10030060  	0.002	0.007	0.20	0.98	(19)
study-11030036  	0.153	0.588	16.97	23.11	(21)
study-11030043  	0.005	0.018	0.53	2.06	(12)
study-14010028  	0.164	0.631	18.25	23.07	(23)
study-17010012  	0.121	0.463	13.38	23.74	(16)
study-19060068  	0.024	0.091	2.67	7.65	(36)
study-22100206  	0.071	0.273	7.88	18.96	(19)
study-23020012  	0.136	0.521	15.03	25.01	(25)
study-30145     	0.001	0.005	0.16	0.88	(18)
study-30156     	0.001	0.004	0.12	0.75	(9)
study-30344     	0.001	0.005	0.14	0.60	(8)
study-30420     	0.046	0.177	5.14	15.24	(22)
study-5070087   	0.002	0.008	0.24	1.23	(10)
study-6030029   	0.056	0.214	6.18	16.26	(11)
study-8020063   	0.002	0.007	0.20	0.92	(17)
study-8060147   	0.014	0.052	1.52	6.78	(18)
study-8110301   	0.029	0.111	3.25	10.81	(12)
study-9020036   	0.073	0.279	7.99	14.98	(11)


all	0.900	3.462	100.00	 


Cluster 7: 7 voxel [Center: -32/20/0] 
study-10030060  	0.002	0.030	0.94	2.52	(19)
study-10030093  	0.033	0.469	14.55	21.48	(17)
study-11010029  	0.033	0.472	14.66	19.26	(12)
study-13040034  	0.017	0.243	7.53	11.78	(10)
study-18060056  	0.000	0.004	0.14	0.33	(18)
study-19060068  	0.030	0.435	13.53	22.32	(36)
study-22100206  	0.010	0.137	4.25	8.09	(19)
study-30344     	0.001	0.018	0.57	1.14	(8)
study-30425     	0.020	0.280	8.70	12.27	(8)
study-5090243   	0.000	0.006	0.18	0.69	(14)
study-6030029   	0.000	0.005	0.14	0.39	(11)
study-7080233   	0.018	0.263	8.12	13.45	(22)
study-8020063   	0.023	0.332	10.26	19.07	(17)
study-8050119   	0.024	0.340	10.54	20.00	(21)
study-8060147   	0.002	0.026	0.80	1.70	(18)
study-8110272   	0.000	0.005	0.17	0.33	(12)
study-8110301   	0.010	0.148	4.58	10.81	(12)
study-9020036   	0.000	0.003	0.11	0.28	(11)


all	0.226	3.224	100.00	 

Done with FWE!